0,410
148,35
14,5
3,2
10,99
10,93
10,263
10,289
10,283
10,9
10,191
10,249
10,2
11,12
11,16
11,26
11,7
11,22
11,21
11,9
9,5
9,7
9,2
9,3
8,7
8,14
8,10
8,8
8,13
8,5
8,2
8,3
39,22
39,21
39,20
39,18
39,17
39,16
39,15
39,14
39,13
39,12
39,11
39,10
39,9
39,8
39,6
39,5
39,4
39,3
39,2
39,1
38,9
38,8
38,7
38,6
38,5
38,4
38,3
38,2
38,1
37,383
37,382
37,381
37,380
37,379
37,378
37,377
37,376
37,375
37,374
37,373
37,372
37,371
37,370
37,369
37,368
37,367
37,366
37,365
37,364
37,363
37,362
37,361
37,360
37,359
37,358
37,357
37,356
37,355
37,354
37,353
37,352
37,351
37,350
37,349
37,348
37,347
37,346
37,345
37,344
37,325
37,323
37,322
37,319
37,318
37,317
37,316
37,315
37,314
37,313
37,312
37,311
37,310
37,309
37,308
37,307
37,284
37,12
37,11
37,10
37,7
37,6
20,3
20,2
20,1
19,3
19,2
19,1
12,3
12,2
12,1
11,19
11,18
